0.5355342243663253 -0.7710743801652888
0.600433983154731 -0.6322314049586777
0.6649481988216219 -0.5132231404958676
0.745333939657558 -0.37768595041322306
0.8417197200363793 -0.21900826446280974
0.9692059788840997 -0.06033057851239665
1.096370951797224 0.08181818181818179
1.2385721064494444 0.19752066115702482
1.4270384356834986 0.29338842975206614
1.6926776464075286 0.359504132231405
2.050333148799873 0.359504132231405
2.3762456008541264 0.32644628099173556
2.7018367669737833 0.2768595041322315
2.980905729763929 0.2338842975206612
3.399541302542607 0.1710743801652893
3.6788030368935107 0.13801652892562
4.035687453042825 0.09834710743801656
4.408379137174265 0.07190082644628115
4.687897900272846 0.05206611570247943
5.278357190873502 0.02892561983471076
5.7290570999248684 0.015702479338842945
6.1953715053976035 0.005785123966942418
6.568512989837479 0.002479338842975354